00000000000000000000000000000001 A
    Time                              out1         short_out    6bit   5bit                              out2                              out3 1bit  clk
     0 s  00000000000000000000000000000000  0000000000000000  000000  00000  00000000000000000000000000000000  00000000000000000000000000000000    0    1 
00000000000000000000000000000001 A
00000000000000000000000000000001 A
  500 ms  00000000000000000000000000000000  0000000000000000  000000  00000  00000000000000000000000000000000  00000000000000000000000000000000    0    1 
00000000000000000000000000000001 A
00000000000000000000000000000001 A
 1500 ms  00000000000000000000000000000000  0000000001010101  001011  00000  00000000000000000000000000000000  00000000000000000000000000000000    0    1 
00000000000000000000000000000001 A
00000000000000000000000000000001 A
 2500 ms  00000000000000000000000000000000  0000000001010101  001011  00000  00000000000000000000000001010101  00000000000000000000000000000000    0    1 
00000000000000000000000000000001 A
00000000000000000000000000000001 A
00000000000000000000000000000001 A
 3500 ms  00000000000000000000000000000000  0000000001010101  001011  00000  00000000000000000000000001010101  00000000000000000000000001010101    0    1 
00000000000000000000000000000001 A
00000000000000000000000000000001 A
 4500 ms  00000000000000000000000000000000  0000000001010101  001011  00000  00000000000000000000000001010101  00000000000000000000000001010101    0    1 
00000000000000000000000000000001 A
00000000000000000000000000000001 A
 5500 ms  00000000000000000000000000000000  0000000001010101  001011  00000  00000000000000000000000001010101  00000000000000000000000001010101    0    1 
00000000000000000000000000000001 A
00000000000000000000000000000001 A
 6500 ms  00000000000000000000000000000000  0000000001010101  001011  00000  00000000000000000000000001010101  00000000000000000000000001010101    0    1 
00000000000000000000000000000001 A
00000000000000000000000000000001 A
 7500 ms  00000000000000000000000000000000  0000000001010101  001011  00000  00000000000000000000000001010101  00000000000000000000000001010101    0    1 
00000000000000000000000000000001 A
00000000000000000000000000000001 A
 8500 ms  00000000000000000000000000000000  0000000001010101  001011  00000  00000000000000000000000001010101  00000000000000000000000001010101    0    1 
00000000000000000000000000000001 A
00000000000000000000000000000001 A
 9500 ms  00000000000000000000000000000000  0000000001010101  001011  00000  00000000000000000000000001010101  00000000000000000000000001010101    0    1 
00000000000000000000000000000001 A
00000000000000000000000000000001 A
10500 ms  00000000000000000000000000000000  0000000001010101  001011  00000  00000000000000000000000001010101  00000000000000000000000001010101    0    1 
00000000000000000000000000000001 A
00000000000000000000000000000001 A
11500 ms  00000000000000000000000000000000  0000000001010101  001011  00000  00000000000000000000000001010101  00000000000000000000000001010101    0    1 
00000000000000000000000000000001 A
00000000000000000000000000000001 A
12500 ms  00000000000000000000000000000000  0000000001010101  001011  00000  00000000000000000000000001010101  00000000000000000000000001010101    0    1 
00000000000000000000000000000001 A
00000000000000000000000000000001 A
13500 ms  00000000000000000000000000000000  0000000001010101  001011  00000  00000000000000000000000001010101  00000000000000000000000001010101    0    1 
00000000000000000000000000000001 A
00000000000000000000000000000001 A
14500 ms  00000000000000000000000000000000  0000000001010101  001011  00000  00000000000000000000000001010101  00000000000000000000000001010101    0    1 
